1.250000000000000000e+01 3.171204199706473964e-03 3.330343769632071547e-03 3.012073398462513079e-03 3.742963673037780836e+02
3.647959183673469852e+01 3.146698704879482330e-03 3.297689394151388526e-03 2.995692736613030441e-03 3.742744002275558159e+02
6.045918367346938993e+01 3.109435523520633765e-03 3.252988272591797719e-03 2.965880629186001208e-03 3.741847925645124064e+02
8.443877551020408134e+01 3.052599437942605382e-03 3.188630326079639008e-03 2.916547138932216229e-03 3.738841630975112480e+02
1.084183673469387799e+02 2.972453063106602743e-03 3.100639294700502802e-03 2.844266448385520795e-03 3.731356914153889761e+02
1.323979591836734926e+02 2.874008047181770154e-03 2.994365342594376613e-03 2.753651292153576260e-03 3.717033127449648759e+02
1.563775510204081627e+02 2.759791721284289828e-03 2.872447349103192729e-03 2.647134669484626363e-03 3.693164220789984142e+02
1.803571428571428612e+02 2.629094206828362385e-03 2.734121259253730410e-03 2.524067853401463276e-03 3.656054699470801665e+02
2.043367346938775597e+02 2.482283443110180118e-03 2.579739347350295392e-03 2.384817951908098366e-03 3.601668598756814390e+02
2.283163265306122582e+02 2.310083849218944833e-03 2.399814292037128968e-03 2.220351973673587252e-03 3.520999418607516986e+02
2.522959183673469568e+02 2.114615469541298448e-03 2.196526047323379017e-03 2.032704845094083015e-03 3.408028128259282994e+02
2.762755102040816269e+02 1.902039256875039152e-03 1.976163786814596080e-03 1.827915646958101076e-03 3.259447689244210551e+02
3.002551020408163254e+02 1.681949617837194240e-03 1.748486676520816414e-03 1.615420659994849795e-03 3.076457392756709623e+02
3.242346938775510239e+02 1.467322211006166386e-03 1.526651305636361885e-03 1.407995414242606573e-03 2.867096651107493699e+02
3.482142857142857224e+02 1.254598632808566613e-03 1.307018340517182879e-03 1.202179788809812876e-03 2.626519156213416863e+02
3.721938775510204209e+02 1.050588845572479092e-03 1.096471265480459352e-03 1.004708622171811240e-03 2.361724621084888440e+02
3.961734693877551194e+02 8.659730357073718715e-04 9.058277308341849444e-04 8.261136554299455164e-04 2.089147119574840303e+02
4.201530612244898180e+02 6.951833408328954777e-04 7.294195632402884245e-04 6.609491229406036375e-04 1.804534057178517230e+02
4.441326530612245165e+02 5.454500322564219839e-04 5.745720202152915452e-04 5.163277747847588297e-04 1.524839777307431348e+02
4.681122448979592150e+02 4.212667818697696134e-04 4.458561279255817572e-04 3.966709430365909371e-04 1.266419502538624613e+02
4.920918367346939135e+02 3.189996021304949188e-04 3.395825181026327385e-04 2.984137760674392386e-04 1.030646504258237428e+02
5.160714285714286689e+02 2.371617190588881446e-04 2.542532371599908847e-04 2.200680721054610819e-04 8.226586243864184667e+01
5.400510204081632537e+02 1.735418065347589121e-04 1.876252259699567155e-04 1.594584363428207523e-04 6.452252453748788241e+01
5.640306122448979522e+02 1.247878625983019334e-04 1.362952397276592277e-04 1.132801995505716502e-04 4.966244883376418073e+01
5.880102040816326507e+02 8.764995707051757834e-05 9.695677252206356966e-05 7.834230307545687834e-05 3.733831754492413779e+01
6.119897959183673493e+02 6.074947453149092172e-05 6.822935426586955617e-05 5.327132637797333197e-05 2.765285097029365957e+01
6.359693877551020478e+02 4.212317829266866366e-05 4.810897848043751068e-05 3.613772141979541255e-05 2.039980194557502102e+01
6.599489795918367463e+02 2.827189195303229168e-05 3.299094226495566444e-05 2.355246081284430800e-05 1.458365894572138899e+01
6.839285714285714448e+02 1.741482178455077803e-05 2.103341918162180020e-05 1.379462957628609359e-05 9.681152761712574772e+00
7.079081632653061433e+02 9.936415106081848597e-06 1.267227302570633026e-05 7.200523579107237771e-06 6.058984069209968126e+00
7.318877551020408418e+02 6.151481220274300981e-06 8.283936384098498345e-06 4.019424136781467830e-06 4.097249042924114626e+00
7.558673469387755404e+02 4.481002686509220709e-06 6.221314333949267550e-06 2.740651586768337448e-06 3.172803257835296709e+00
7.798469387755102389e+02 3.659953948294156253e-06 5.125966859589511091e-06 2.197628461985612773e-06 2.688669818738144812e+00
8.038265306122449374e+02 3.103230894037032958e-06 4.339384784144709841e-06 1.867073914498668955e-06 2.339574769717306602e+00
8.278061224489796359e+02 2.478331857033345885e-06 3.478967985182514292e-06 1.477623422526793816e-06 1.923639349118965836e+00
8.517857142857143344e+02 1.797865603865866966e-06 2.554715765025688166e-06 1.040875089221502305e-06 1.443703027389489080e+00
8.757653061224490330e+02 1.214137913391331701e-06 1.751910028709270521e-06 6.764004176209531030e-07 1.008151080343302031e+00
8.997448979591837315e+02 7.564323634500000705e-07 1.099905672197872909e-06 4.132098204447369397e-07 6.474072279455814760e-01
9.237244897959184300e+02 3.397813684536588046e-07 5.028012248750990354e-07 1.767552260324552811e-07 3.010418933852623824e-01
9.477040816326531285e+02 7.207078250753346052e-08 1.175051959521841318e-07 2.673995225137021018e-08 6.663205655923996884e-02
9.716836734693878270e+02 5.375898706460604441e-09 1.075179741292120888e-08 0.000000000000000000e+00 5.202049725729841929e-03
9.956632653061225255e+02 0.000000000000000000e+00 0.000000000000000000e+00 0.000000000000000000e+00 0.000000000000000000e+00
1.019642857142857224e+03 0.000000000000000000e+00 0.000000000000000000e+00 0.000000000000000000e+00 0.000000000000000000e+00
1.043622448979591809e+03 0.000000000000000000e+00 0.000000000000000000e+00 0.000000000000000000e+00 0.000000000000000000e+00
1.067602040816326507e+03 0.000000000000000000e+00 0.000000000000000000e+00 0.000000000000000000e+00 0.000000000000000000e+00
1.091581632653061206e+03 0.000000000000000000e+00 0.000000000000000000e+00 0.000000000000000000e+00 0.000000000000000000e+00
1.115561224489795904e+03 0.000000000000000000e+00 0.000000000000000000e+00 0.000000000000000000e+00 0.000000000000000000e+00
1.139540816326530603e+03 0.000000000000000000e+00 0.000000000000000000e+00 0.000000000000000000e+00 0.000000000000000000e+00
1.163520408163265301e+03 0.000000000000000000e+00 0.000000000000000000e+00 0.000000000000000000e+00 0.000000000000000000e+00
1.187500000000000000e+03 0.000000000000000000e+00 0.000000000000000000e+00 0.000000000000000000e+00 0.000000000000000000e+00
