2.86478  -2.54647 0.565882 0          0      0       0       0      0       0      0 
0	  0	     0	      0	 0	0	0	0	0	0      0
0	  0	     0	      0 	 0	0	0	0	0	0      0	
0	  0	     0	      0	 0	0	0	0	0	0      0
0	  0	     0	      0	0	0	0	0	0	0	0
0	  0	     0        0	0	0	0	0	0	0	0
0	  0	     0	      0	0	0	0	0	0	0	0
0	  0	     0	      0	0	0	0	0	0	0	0
0	  0	     0	      0	0	0	0	0	0	0	0
0	  0	     0	      0	0	0	0	0	0	0	0
0	  0	     0	      0	0	0	0	0	0	0	0
0	  0	     0	      0	0	0	0	0	0	0	0
0.0480805 0        0        0	0	0	0	0	0	0	0
0	  0	     0	      0	0	0	0	0	0	0	0
0	  0	     0	      0	0	0	0	0	0	0	0
0	  0	     0	      0	0	0	0	0	0	0	0
0	  0	     0	      0	0	0	0	0	0	0	0
0	  0	     0	      0	0	0	0	0	0	0	0
0	  0	     0	      0	0	0	0	0	0	0	0
0	  0	     0	      0	0	0	0	0	0	0	0
0	  0	     0	      0	0	0	0	0	0	0	0
0	  0	     0	      0	0	0	0	0	0	0	0
0	  0	     0	      0	0	0	0	0	0	0	0
0	  0	     0	      0	0	0	0	0	0	0	0
-0.371134  0.164948   0   0         0	0	0	0	0	0	0
0	  0	     0	      0	0	0	0	0	0	0	0
0	  0	     0	      0	0	0	0	0	0	0	0
0	  0	     0	      0	0	0	0	0	0	0	0
0	  0	     0	      0	0	0	0	0	0	0	0
0	  0	     0	      0	0	0	0	0	0	0	0
0	  0	     0	      0	0	0	0	0	0	0	0
0	  0	     0	      0	0	0	0	0	0	0	0
14.3637	-18.1437	7.68018	-1.23196	0.0662231	0	0	0	0	0	0
-0.755986	1.48545	-1.00139	0.266402	-0.0212824	0	0	0	0	0	0
-0.755986	1.48545	-1.00139	0.266402	-0.0212824	0	0	0	0	0	0
0.0397887	-0.106103	0.103729	-0.043991	0.00683961	0	0	0	0	0	0
0.0346155	-0.0903448	0.0896114	-0.0400138	0.00679021	0	0	0	0	0	0
0.0359084	-0.0943139	0.0935814	-0.041572	0.00697605	0	0	0	0	0	0
0.0359084	-0.0943139	0.0935814	-0.041572	0.00697605	0	0	0	0	0	0
0.0372496	-0.0984534	0.0977332	-0.0431855	0.00716698	0	0	0	0	0	0
0.069231	-0.186579	0.19008	-0.0867403	0.0149629	0	0	0	0	0	0
0.0718168	-0.192953	0.194127	-0.0866714	0.0144756	0	0	0	0	0	0
0.0718168	-0.192953	0.194127	-0.0866714	0.0144756	0	0	0	0	0	0
0.0744992	-0.199543	0.198218	-0.0865149	0.0140042	0	0	0	0	0	0
0.019671	-0.0157368	0.00314736	0	0	0	0	0	0	0	0
-0.00859149	0.00687319	-0.00137464	0	0	0	0	0	0	0	0
-0.00859149	0.00687319	-0.00137464	0	0	0	0	0	0	0	0
0.00375241	-0.00300193	0.000600385	0	0	0	0	0	0	0	0
0	0	0	0	0	0	0	0	0	0	0
0	0	0	0	0	0	0	0	0	0	0
0	0	0	0	0	0	0	0	0	0	0
0	0	0	0	0	0	0	0	0	0	0
2.25E-05	-1.80E-05	3.60E-06	0	0	0	0	0	0	0	0
0.000277161	-0.000221729	4.43E-05	0	0	0	0	0	0	0	0
0.000277161	-0.000221729	4.43E-05	0	0	0	0	0	0	0	0
0.00341297	-0.00273037	0.000546075	0	0	0	0	0	0	0	0
-0.531554	0.54834	-0.17038	0.014437	0	0	0	0	0	0	0
0.232161	-0.239492	0.0744149	-0.0063055	0	0	0	0	0	0	0
0.0279765	-0.0484926	0.02652	-0.00463969	0	0	0	0	0	0	0
-0.012219	0.0211796	-0.0115829	0.00202642	0	0	0	0	0	0	0
-0.00124829	0.00218141	-0.00125317	0.000232132	0	0	0	0	0	0	0
-0.0153715	0.0268619	-0.0154315	0.00285848	0	0	0	0	0	0	0
-0.00129492	0.00225216	-0.00125511	0.000224572	0	0	0	0	0	0	0
-0.0159456	0.0277332	-0.0154554	0.00276538	0	0	0	0	0	0	0
42.0965	-63.4498	32.5913	-6.57878	0.483166	0	0	0	0	0	0
-1.83028	3.81972	-2.50445	0.597822	-0.04545	0	0	0	0	0	0
-1.83028	3.81972	-2.50445	0.597822	-0.04545	0	0	0	0	0	0
0.0795776	-0.212207	0.182941	-0.0543892	0.00523012	0	0	0	0	0	0
0.0126672	-0.0262533	0.0401886	-0.010514	0.00078605	0	0	0	0	0	0
0.0107811	-0.020986	0.0360971	-0.00876213	0.000626718	0	0	0	0	0	0
0.0107811	-0.020986	0.0360971	-0.00876213	0.000626718	0	0	0	0	0	0
0.00917577	-0.0167053	0.0332751	-0.00765719	0.000597676	0	0	0	0	0	0
0.0253345	-0.0750847	0.100235	-0.0384261	0.00466396	0	0	0	0	0	0
0.0215622	-0.0652627	0.0941439	-0.0379511	0.00472138	0	0	0	0	0	0
0.0215622	-0.0652627	0.0941439	-0.0379511	0.00472138	0	0	0	0	0	0
0.0183515	-0.0567009	0.0887794	-0.0374699	0.00477955	0	0	0	0	0	0
0.612149	-0.49308	0.107832	0	0	0	0	0	0	0	0
-0.075893	0.060682	-0.0110124	0	0	0	0	0	0	0	0
-0.075893	0.060682	-0.0110124	0	0	0	0	0	0	0	0
0.00940911	-0.00747826	0.00163204	0	0	0	0	0	0	0	0
0.000495589	-0.00010394	5.45E-06	1.94E-20	1.72E-35	0	0	0	0	0	0
-5.53E-05	-0.000369894	3.94E-05	7.12E-20	2.04E-36	0	0	0	0	0	0
-5.53E-05	-0.000369894	3.94E-05	7.12E-20	2.04E-36	0	0	0	0	0	0
6.17E-06	0.00008381	0.0002848	1.65E-20	2.40E-37	0	0	0	0	0	0
0.0335711	-0.0268568	0.00656896	0	0	0	0	0	0	0	0
0.0161021	-0.0128817	0.00362952	0	0	0	0	0	0	0	0
0.0161021	-0.0128817	0.00362952	0	0	0	0	0	0	0	0
0.00772326	-0.00617861	0.0021619	0	0	0	0	0	0	0	0
-5.07498	5.86765	-2.09908	0.226345	0	0	0	0	0	0	0
0.62922	-0.727336	0.243236	-0.0210943	0	0	0	0	0	0	0
0.220651	-0.382932	0.17682	-0.0226015	0	0	0	0	0	0	0
-0.0273574	0.0474719	-0.0213121	0.00280825	0	0	0	0	0	0	0
-0.0291634	0.0548817	-0.0305345	0.00476387	0	0	0	0	0	0	0
-0.013988	0.0263236	-0.0171362	0.00306717	0	0	0	0	0	0	0
-0.024821	0.0482732	-0.02884	0.00481368	0	0	0	0	0	0	0
-0.0119052	0.0231539	-0.0164035	0.00310235	0	0	0	0	0	0	0
15.5966 -26.7367  15.6506 -3.59321 0.281695      0       0       0      0       0      0 
0	  0	     0	      0	 0	        0	0	0	0	0      0
0	  0	     0	      0 	 0	        0	0	0	0	0      0	
0	  0	     0	      0	 0	        0	0	0	0	0      0
0	  0	     0	      0	0	0	0	0	0	0	0
0	  0	     0        0	0	0	0	0	0	0	0
0	  0	     0	      0	0	0	0	0	0	0	0
0	  0	     0	      0	0	0	0	0	0	0	0
0	  0	     0	      0	0	0	0	0	0	0	0
0	  0	     0	      0	0	0	0	0	0	0	0
0	  0	     0	      0	0	0	0	0	0	0	0
0	  0	     0	      0	0	0	0	0	0	0	0
0.461939  -0.369552 0.0739103 0	0	0	0	0	0	0	0
0	  0	     0	      0	0	0	0	0	0	0	0
0	  0	     0	      0	0	0	0	0	0	0	0
0	  0	     0	      0	0	0	0	0	0	0	0
0	  0	     0	      0	0	0	0	0	0	0	0
0	  0	     0	      0	0	0	0	0	0	0	0
0	  0	     0	      0	0	0	0	0	0	0	0
0	  0	     0	      0	0	0	0	0	0	0	0
0	  0	     0	      0	0	0	0	0	0	0	0
0	  0	     0	      0	0	0	0	0	0	0	0
0	  0	     0	      0	0	0	0	0	0	0	0
0	  0	     0	      0	0	0	0	0	0	0	0
-2.68415  3.37434   -1.281  0.144292  0	0	0	0	0	0	0
0	  0	     0	      0	0	0	0	0	0	0	0
0	  0	     0	      0	0	0	0	0	0	0	0
0	  0	     0	      0	0	0	0	0	0	0	0
0	  0	     0	      0	0	0	0	0	0	0	0
0	  0	     0	      0	0	0	0	0	0	0	0
0	  0	     0	      0	0	0	0	0	0	0	0
0	  0	     0	      0	0	0	0	0	0	0	0
97.439	-280.969	307.08	-161.493	43.6432	-5.87703	0.333476	-0.00364732	1.12E-05	0	0
-8.33825	29.8888	-40.1188	25.8526	-8.5648	1.43004	-0.105518	0.00219816	-1.02E-05	0	0
-8.33825	29.8888	-40.1188	25.8526	-8.5648	1.43004	-0.105518	0.00219816	-1.02E-05	0	0
0.713538	-3.0579	4.96819	-3.89151	1.57812	-0.326425	0.0309193	-0.000964395	9.38E-06	0	0
0	0	0	0	0	0	0	0	0	0	0
0	0	0	0	0	0	0	0	0	0	0
0	0	0	0	0	0	0	0	0	0	0
0	0	0	0	0	0	0	0	0	0	0
0	0	0	0	0	0	0	0	0	0	0
0	0	0	0	0	0	0	0	0	0	0
0	0	0	0	0	0	0	0	0	0	0
0	0	0	0	0	0	0	0	0	0	0
2.07998	-3.63145	2.26573	-0.613476	0.0725104	-0.00315287	4.46E-05	0	0	0	0
0.353421	-0.452109	0.128903	0.0310801	-0.0159278	0.00169701	-0.000040922	0	0	0	0
0.353421	-0.452109	0.128903	0.0310801	-0.0159278	0.00169701	-0.000040922	0	0	0	0
0.0600519	-0.048796	-0.00853111	0.0104956	0.00019633	-0.000461052	3.75E-05	0	0	0	0
0	0	0	0	0	0	0	0	0	0	0
0	0	0	0	0	0	0	0	0	0	0
0	0	0	0	0	0	0	0	0	0	0
0	0	0	0	0	0	0	0	0	0	0
0	0	0	0	0	0	0	0	0	0	0
0	0	0	0	0	0	0	0	0	0	0
0	0	0	0	0	0	0	0	0	0	0
0	0	0	0	0	0	0	0	0	0	0
-14.2363	32.953	-27.8836	10.8781	-2.03682	0.168423	-0.00443553	2.23E-05	0	0	0
-2.41897	4.47037	-2.34303	0.0649322	0.231261	-0.05265	0.00347036	-0.000020461	0	0	0
1.21826	-3.67392	3.92254	-1.92073	0.451055	-0.0476979	0.00177447	-0.000020461	0	0	0
0.207001	-0.527656	0.393848	-0.0650027	-0.0323521	0.0117545	-0.00107966	1.88E-05	0	0	0
0	0	0	0	0	0	0	0	0	0	0
0	0	0	0	0	0	0	0	0	0	0
0	0	0	0	0	0	0	0	0	0	0
0	0	0	0	0	0	0	0	0	0	0
103.126	-298.96	331.725	-179.129	50.0295	-6.93179	0.384965	-0.00158751	1.70E-06	0	0
-11.4565	39.7967	-51.7926	32.3305	-10.3244	1.62425	-0.102631	0.000631038	-9.06E-07	0	0
-11.4565	39.7967	-51.7926	32.3305	-10.3244	1.62425	-0.102631	0.000631038	-9.06E-07	0	0
1.27272	-5.15258	7.83397	-5.66172	2.07834	-0.373964	0.0271247	-0.000221915	4.83E-07	0	0
0	0	0	0	0	0	0	0	0	0	0
0	0	0	0	0	0	0	0	0	0	0
0	0	0	0	0	0	0	0	0	0	0
0	0	0	0	0	0	0	0	0	0	0
0	0	0	0	0	0	0	0	0	0	0
0	0	0	0	0	0	0	0	0	0	0
0	0	0	0	0	0	0	0	0	0	0
0	0	0	0	0	0	0	0	0	0	0
1.63783	-2.72571	1.6398	-0.427523	0.044601	-0.00103113	6.81E-06	0	0	0	0
1.33399	-2.14922	1.24309	-0.304852	0.0272585	-7.70E-05	-3.63E-06	0	0	0	0
1.33399	-2.14922	1.24309	-0.304852	0.0272585	-7.70E-05	-3.63E-06	0	0	0	0
1.08652	-1.69282	0.940205	-0.215886	0.0158922	0.000374339	1.93E-06	0	0	0	0
0	0	0	0	0	0	0	0	0	0	0
0	0	0	0	0	0	0	0	0	0	0
0	0	0	0	0	0	0	0	0	0	0
0	0	0	0	0	0	0	0	0	0	0
0	0	0	0	0	0	0	0	0	0	0
0	0	0	0	0	0	0	0	0	0	0
0	0	0	0	0	0	0	0	0	0	0
0	0	0	0	0	0	0	0	0	0	0
-12.9963	29.6522	-24.9316	9.74635	-1.80736	0.136392	-0.00184529	3.40E-06	0	0	0
-10.5853	23.5893	-19.2255	7.20304	-1.23812	0.075154	0.000669572	-1.81E-06	0	0	0
1.44378	-4.12394	4.14027	-1.89466	0.406293	-0.0353292	0.000554019	-1.81E-06	0	0	0
1.17594	-3.29646	3.21621	-1.41508	0.283617	-0.020469	-0.00012833	9.65E-07	0	0	0
0	0	0	0	0	0	0	0	0	0	0
0	0	0	0	0	0	0	0	0	0	0
0	0	0	0	0	0	0	0	0	0	0
0	0	0	0	0	0	0	0	0	0	0
1060	-3110.69	3488.21	-1901.65	538.003	-76.5978	4.64024	-0.055592	0.000266467	0	0
-130.627	466.941	-627.054	405.704	-135.409	22.7921	-1.68381	0.0335495	-0.00024382	0	0
-130.627	466.941	-627.054	405.704	-135.409	22.7921	-1.68381	0.0335495	-0.00024382	0	0
16.0976	-67.845	108.208	-82.9717	32.8194	-6.56938	0.589753	-0.0161345	0.000224147	0	0
0.0756924	-0.249963	0.47562	-0.416263	0.2134	-0.0616665	0.0115946	-0.0012078	0.000189506	0	0
-0.0732132	0.234193	-0.451406	0.393509	-0.202344	0.0588914	-0.0112538	0.00119165	-0.000189212	0	0
-0.0732132	0.234193	-0.451406	0.393509	-0.202344	0.0588914	-0.0112538	0.00119165	-0.000189212	0	0
0.0708152	-0.219188	0.42986	-0.373652	0.192879	-0.0564846	0.010945	-0.00117578	0.000188919	0	0
0.151385	-0.958395	2.35127	-2.51783	1.39098	-0.416941	0.069982	-0.00620057	0.000382265	0	0
-0.146426	0.937068	-2.32189	2.4903	-1.37489	0.411901	-0.0692085	0.00614436	-0.000380274	0	0
-0.146426	0.937068	-2.32189	2.4903	-1.37489	0.411901	-0.0692085	0.00614436	-0.000380274	0	0
0.14163	-0.916111	2.29368	-2.46458	1.36042	-0.407463	0.0685166	-0.00608979	0.000378306	0	0
18.518	-33.0807	21.4446	-6.18658	0.812138	-0.0441249	0.00106587	0	0	0	0
8.86585	-13.4274	6.75497	-1.13898	-0.0334547	0.0215881	-0.000975279	0	0	0	0
8.86585	-13.4274	6.75497	-1.13898	-0.0334547	0.0215881	-0.000975279	0	0	0	0
4.43592	-5.91633	2.68106	-0.445295	0.0265784	-0.00483557	0.00089659	0	0	0	0
0.0776694	-0.150195	0.145476	-0.0635842	0.0164337	-0.00213884	0.000171138	0	0	0	0
-0.111862	0.196359	-0.171384	0.0715672	-0.0176252	0.00220282	-0.000171238	0	0	0	0
-0.111862	0.196359	-0.171384	0.0715672	-0.0176252	0.00220282	-0.000171238	0	0	0	0
0.161106	-0.254062	0.202159	-0.0805908	0.0189244	-0.00226485	0.000171351	0	0	0	0
0.65356	-1.54445	1.4811	-0.664872	0.150785	-0.016423	0.000719763	0	0	0	0
-0.593831	1.42205	-1.37878	0.624084	-0.143268	0.0158936	-0.000711867	0	0	0	0
-0.593831	1.42205	-1.37878	0.624084	-0.143268	0.0158936	-0.000711867	0	0	0	0
0.53956	-1.30912	1.28351	-0.58579	0.13613	-0.0153765	0.000704082	0	0	0	0
-139.908	330.503	-288.303	117.613	-23.4335	2.12088	-0.0666232	0.000532933	0	0	0
-67.7364	141.913	-103.014	30.7925	-2.75942	-0.300207	0.0496682	-0.00048764	0	0	0
17.2413	-51.7174	55.1699	-27.1547	6.46365	-0.702028	0.0282248	-0.00048764	0	0	0
8.34738	-22.8965	21.0428	-8.09996	1.11503	0.0419448	-0.0173434	0.000448295	0	0	0
-0.314546	1.36733	-2.09521	1.47399	-0.533178	0.101386	-0.00978502	0.000386332	0	0	0
0.285799	-1.25139	1.94145	-1.37796	0.503105	-0.0969228	0.00952157	-0.000382586	0	0	0
0.304243	-1.34345	2.06428	-1.45179	0.52478	-0.099879	0.00966713	-0.000382586	0	0	0
-0.276438	1.2294	-1.91317	1.35759	-0.495411	0.0955349	-0.00940835	0.000378891	0	0	0
108.9	-323.578	366.227	-200.977	57.2924	-8.29893	0.53319	-0.00934397	4.86E-05	0	0
-14.7022	53.9721	-74.503	49.6397	-17.1303	3.02019	-0.243611	0.00643579	-4.62E-05	0	0
-14.7022	53.9721	-74.503	49.6397	-17.1303	3.02019	-0.243611	0.00643579	-4.62E-05	0	0
1.98489	-8.67538	14.4134	-11.5873	4.84364	-1.04111	0.104804	-0.00378856	4.40E-05	0	0
0	0	0	0	0	0	0	0	0	0	0
0	0	0	0	0	0	0	0	0	0	0
0	0	0	0	0	0	0	0	0	0	0
0	0	0	0	0	0	0	0	0	0	0
0	0	0	0	0	0	0	0	0	0	0
0	0	0	0	0	0	0	0	0	0	0
0	0	0	0	0	0	0	0	0	0	0
0	0	0	0	0	0	0	0	0	0	0
2.15006	-4.0841	2.81431	-0.871785	0.127827	-0.00831882	0.000194408	0	0	0	0
0.31862	-0.251177	-0.120748	0.156733	-0.0467763	0.005257	-0.000184946	0	0	0	0
0.31862	-0.251177	-0.120748	0.156733	-0.0467763	0.005257	-0.000184946	0	0	0	0
0.0472166	0.0152451	-0.0392898	-0.000776961	0.00962407	-0.00247351	0.000175945	0	0	0	0
0	0	0	0	0	0	0	0	0	0	0
0	0	0	0	0	0	0	0	0	0	0
0	0	0	0	0	0	0	0	0	0	0
0	0	0	0	0	0	0	0	0	0	0
0	0	0	0	0	0	0	0	0	0	0
0	0	0	0	0	0	0	0	0	0	0
0	0	0	0	0	0	0	0	0	0	0
0	0	0	0	0	0	0	0	0	0	0
-15.3017	37.2662	-33.5468	14.1515	-2.95868	0.29371	-0.0114237	9.72E-05	0	0	0
-2.26758	3.00278	0.206458	-1.64989	0.789919	-0.14272	0.00953922	-0.000092473	0	0	0
2.06582	-6.47661	7.27564	-3.79552	0.972785	-0.118855	0.00596086	-0.000092473	0	0	0
0.306137	-0.619596	0.141129	0.30512	-0.212684	0.05009	-0.00440693	8.80E-05	0	0	0
0	0	0	0	0	0	0	0	0	0	0
0	0	0	0	0	0	0	0	0	0	0
0	0	0	0	0	0	0	0	0	0	0
0	0	0	0	0	0	0	0	0	0	0
114.843	-348.421	402.569	-225.824	66.208	-10.0368	0.711952	-0.0176789	0.000139669	0	0
-18.1104	68.5705	-97.0304	66.1217	-23.4533	4.3228	-0.382447	0.0130952	-0.000136599	0	0
-18.1104	68.5705	-97.0304	66.1217	-23.4533	4.3228	-0.382447	0.0130952	-0.000136599	0	0
2.85596	-12.9621	22.2082	-18.2942	7.8521	-1.75992	0.193087	-0.00870448	0.000133596	0	0
0	0	0	0	0	0	0	0	0	0	0
0	0	0	0	0	0	0	0	0	0	0
0	0	0	0	0	0	0	0	0	0	0
0	0	0	0	0	0	0	0	0	0	0
0	0	0	0	0	0	0	0	0	0	0
0	0	0	0	0	0	0	0	0	0	0
0	0	0	0	0	0	0	0	0	0	0
0	0	0	0	0	0	0	0	0	0	0
3.17328	-6.40355	4.72179	-1.58886	0.260168	-0.019787	0.000558677	0	0	0	0
-0.38852	1.3514	-1.47874	0.694977	-0.152837	0.0152415	-0.000546395	0	0	0	0
-0.38852	1.3514	-1.47874	0.694977	-0.152837	0.0152415	-0.000546395	0	0	0	0
0.0475683	-0.234926	0.392767	-0.263709	0.0803424	-0.0108862	0.000534383	0	0	0	0
0	0	0	0	0	0	0	0	0	0	0
0	0	0	0	0	0	0	0	0	0	0
0	0	0	0	0	0	0	0	0	0	0
0	0	0	0	0	0	0	0	0	0	0
0	0	0	0	0	0	0	0	0	0	0
0	0	0	0	0	0	0	0	0	0	0
0	0	0	0	0	0	0	0	0	0	0
0	0	0	0	0	0	0	0	0	0	0
-19.09	48.22	-45.1988	19.9879	-4.45053	0.48683	-0.0226256	0.000279338	0	0	0
2.33728	-9.3171	12.6858	-7.71382	2.30055	-0.331644	0.020073	-0.000273197	0	0	0
3.01044	-9.86907	11.5536	-6.30469	1.71692	-0.230839	0.0137381	-0.000273197	0	0	0
-0.368582	1.74659	-2.94736	2.2194	-0.816511	0.146188	-0.011426	0.000267192	0	0	0
0	0	0	0	0	0	0	0	0	0	0
0	0	0	0	0	0	0	0	0	0	0
0	0	0	0	0	0	0	0	0	0	0
0	0	0	0	0	0	0	0	0	0	0
1925.25	-7519.08	11648.4	-9314.59	4236.9	-1133.78	176.79	-15.0922	0.594896	-0.00607076	1.82E-05
-318.345	1511	-2809.44	2675.3	-1437.86	451.622	-82.2662	8.19191	-0.379438	0.00492098	-1.82E-05
-318.345	1511	-2809.44	2675.3	-1437.86	451.622	-82.2662	8.19191	-0.379438	0.00492098	-1.82E-05
52.6392	-294.111	647.863	-730.42	463.867	-171.644	36.7675	-4.30945	0.236687	-0.0037712	1.82E-05
0.0241974	-0.0920243	0.288392	-0.410075	0.37687	-0.213404	0.0697758	-0.0120281	0.000877404	-2.43E-06	2.01E-09
0.0145771	-0.0544903	0.212503	-0.328191	0.319839	-0.187903	0.0628458	-0.0109564	0.000793456	1.12E-07	-2.01E-09
0.0145771	-0.0544903	0.212503	-0.328191	0.319839	-0.187903	0.0628458	-0.0109564	0.000793456	1.12E-07	-2.01E-09
0.0087816	-0.0322555	0.162126	-0.268349	0.274619	-0.166498	0.0568245	-0.0100099	0.000719711	2.21E-06	2.01E-09
0.0483948	-0.314375	0.982165	-1.54728	1.41662	-0.757734	0.229132	-0.0361445	0.00241138	-1.67E-05	4.39E-08
0.0291542	-0.174919	0.587975	-1.00364	0.998559	-0.570072	0.179769	-0.0287451	0.00183045	2.29E-06	-4.39E-08
0.0291542	-0.174919	0.587975	-1.00364	0.998559	-0.570072	0.179769	-0.0287451	0.00183045	2.29E-06	-4.39E-08
0.0175632	-0.0966592	0.370594	-0.690585	0.740796	-0.446903	0.146029	-0.023638	0.00144736	1.21E-05	4.39E-08
51.8969	-137.827	141.108	-71.6087	19.6376	-2.95102	0.232549	-0.00850023	0.000113957	0	0
18.7104	-40.6604	31.9729	-10.7932	1.13531	0.204695	-0.0614356	0.00500749	-0.000113957	0	0
18.7104	-40.6604	31.9729	-10.7932	1.13531	0.204695	-0.0614356	0.00500749	-0.000113957	0	0
6.74605	-11.4048	6.31037	-0.920098	-0.254751	0.0789134	-0.000351124	-0.00151475	0.000113957	0	0
7.89E-05	-0.000064568	0.00436193	-0.003212	0.00075869	-0.000122341	2.45E-05	-8.85E-07	1.66E-07	0	0
-0.000179472	0.000336427	-0.0102568	0.00997016	-0.0035666	0.000592102	-6.38E-05	7.50E-06	-1.66E-07	0	0
-0.000179472	0.000336427	-0.0102568	0.00997016	-0.0035666	0.000592102	-6.38E-05	7.50E-06	-1.66E-07	0	0
0.000408411	-0.0011968	0.0245497	-0.029672	0.014509	-0.00344669	0.000380559	-1.41E-05	1.66E-07	0	0
0.131209	-0.346584	0.432592	-0.299601	0.118911	-0.0248339	0.00230233	-4.61E-05	3.02E-07	0	0
0.0520057	-0.115252	0.148792	-0.113114	0.0509689	-0.0113414	0.000936949	0.000012784	-3.02E-07	0	0
0.0520057	-0.115252	0.148792	-0.113114	0.0509689	-0.0113414	0.000936949	0.000012784	-3.02E-07	0	0
0.0206128	-0.0369137	0.0549174	-0.0438657	0.0231014	-0.00571984	0.000448566	2.06E-05	3.02E-07	0	0
-316.092	1036.99	-1324.24	856.171	-307.299	62.8079	-7.1261	0.408547	-0.00928849	4.56E-05	0
-113.962	318.865	-327.999	155.716	-31.9471	0.171512	1.02749	-0.158115	0.00789139	-4.56E-05	0
52.2667	-215.418	336.532	-262.774	112.546	-27.184	3.61588	-0.241522	0.00641405	-4.56E-05	0
18.8439	-68.5738	88.9838	-53.3198	14.6317	-0.977509	-0.362345	0.0793604	-0.00501695	4.56E-05	0
-0.079686	0.364065	-0.700861	0.718977	-0.422178	0.140195	-0.0244571	0.00184236	-2.96E-05	1.15E-07	0
-0.0315841	0.130866	-0.249651	0.278383	-0.181433	0.0646565	-0.0111224	0.000616354	1.71E-05	-1.15E-07	0
-0.0480048	0.195498	-0.396551	0.437862	-0.27547	0.0965669	-0.0172357	0.00122227	-6.24E-06	-1.15E-07	0
-0.019027	0.0693945	-0.148378	0.179924	-0.124295	0.0465499	-0.00820395	0.000415909	1.87E-05	1.15E-07	0
325.919	-1276.51	1984.45	-1593.61	728.45	-195.986	30.7292	-2.63597	0.104048	-0.00103696	3.02E-06
-50.9198	242.293	-451.387	430.602	-231.903	73.03	-13.35	1.33578	-0.0623025	0.000819044	-3.02E-06
-50.9198	242.293	-451.387	430.602	-231.903	73.03	-13.35	1.33578	-0.0623025	0.000819044	-3.02E-06
7.95543	-44.5506	98.2415	-110.752	70.2903	-25.9964	5.57149	-0.654946	0.036301	-0.000601123	3.02E-06
0	0	0	0	0	0	0	0	0	0	0
0	0	0	0	0	0	0	0	0	0	0
0	0	0	0	0	0	0	0	0	0	0
0	0	0	0	0	0	0	0	0	0	0
0	0	0	0	0	0	0	0	0	0	0
0	0	0	0	0	0	0	0	0	0	0
0	0	0	0	0	0	0	0	0	0	0
0	0	0	0	0	0	0	0	0	0	0
8.16149	-21.7366	22.3565	-11.4212	3.15755	-0.47875	0.0380686	-0.00140254	1.89E-05	0	0
2.78794	-5.98362	4.6283	-1.51306	0.132247	0.0392606	-0.01037	0.000829512	-1.89E-05	0	0
2.78794	-5.98362	4.6283	-1.51306	0.132247	0.0392606	-0.01037	0.000829512	-1.89E-05	0	0
0.952354	-1.55156	0.807892	-0.085675	-0.047308	0.0122283	8.96E-05	-0.000256485	1.89E-05	0	0
0	0	0	0	0	0	0	0	0	0	0
0	0	0	0	0	0	0	0	0	0	0
0	0	0	0	0	0	0	0	0	0	0
0	0	0	0	0	0	0	0	0	0	0
0	0	0	0	0	0	0	0	0	0	0
0	0	0	0	0	0	0	0	0	0	0
0	0	0	0	0	0	0	0	0	0	0
0	0	0	0	0	0	0	0	0	0	0
-51.575	169.68	-217.527	141.366	-51.0571	10.5083	-1.2008	0.069269	-0.00157671	7.54E-06	0
-17.6179	48.8529	-49.5855	23.0191	-4.41813	-0.128063	0.18694	-0.0273157	0.0013475	-7.54E-06	0
8.0578	-33.2922	52.1024	-40.7668	17.5119	-4.24752	0.568322	-0.0382869	0.00103191	-7.54E-06	0
2.75252	-9.94929	12.7379	-7.46787	1.95011	-0.0819903	-0.0646326	0.0128938	-0.000802701	7.54E-06	0
0	0	0	0	0	0	0	0	0	0	0
0	0	0	0	0	0	0	0	0	0	0
0	0	0	0	0	0	0	0	0	0	0
0	0	0	0	0	0	0	0	0	0	0
662.051	-2613.93	4074.41	-3261.1	1479.05	-393.955	61.291	-5.28542	0.220414	-0.00308966	1.36E-05
-107.749	520.566	-981.397	943.993	-511.134	161.631	-29.7332	3.02686	-0.14956	0.0025703	-1.36E-05
-107.749	520.566	-981.397	943.993	-511.134	161.631	-29.7332	3.02686	-0.14956	0.0025703	-1.36E-05
17.5361	-100.207	225.198	-258.387	166.797	-62.7805	13.7379	-1.66606	0.0985842	-0.00205093	1.36E-05
0.0104044	-0.0365444	0.0643532	-0.0663606	0.0431977	-0.0170636	0.00405027	-0.000540422	3.30E-05	-1.28E-07	1.30E-10
-0.00981393	0.0334	-0.0574504	0.0581281	-0.0374011	0.0147439	-0.00352852	0.000478631	-0.000030005	1.23E-07	-1.30E-10
-0.00981393	0.0334	-0.0574504	0.0581281	-0.0374011	0.0147439	-0.00352852	0.000478631	-0.000030005	1.23E-07	-1.30E-10
0.00925694	-0.0304948	0.051234	-0.0508983	0.032386	-0.0127418	0.00307334	-0.000423571	2.73E-05	-1.17E-07	1.30E-10
0.0208089	-0.136463	0.368218	-0.525536	0.426381	-0.198883	0.0525609	-0.00736292	0.000444758	-3.91E-06	9.32E-09
-0.0196279	0.129974	-0.34935	0.491604	-0.391015	0.178995	-0.0466828	0.00650716	-0.000395494	3.69E-06	-9.32E-09
-0.0196279	0.129974	-0.34935	0.491604	-0.391015	0.178995	-0.0466828	0.00650716	-0.000395494	3.69E-06	-9.32E-09
0.0185139	-0.123781	0.331513	-0.459579	0.358304	-0.161029	0.0414629	-0.00575118	0.000351663	-3.46E-06	9.32E-09
19.2173	-53.116	57.2982	-31.0873	9.22601	-1.51798	0.132878	-0.00551367	0.000084813	0	0
0.456588	2.3183	-6.46779	5.80204	-2.49541	0.568423	-0.0687657	0.00403643	-0.000084813	0	0
0.456588	2.3183	-6.46779	5.80204	-2.49541	0.568423	-0.0687657	0.00403643	-0.000084813	0	0
0.0108482	0.140146	0.327345	-0.780334	0.546774	-0.179527	0.0303835	-0.00255919	0.000084813	0	0
0	0	0	0	0	0	0	0	0	0	0
0	0	0	0	0	0	0	0	0	0	0
0	0	0	0	0	0	0	0	0	0	0
0	0	0	0	0	0	0	0	0	0	0
0.00118203	-0.00439467	0.00493968	-0.0016592	0.000302527	-5.87E-05	7.54E-06	-5.32E-07	6.84E-08	0	0
0.00147481	-0.00373248	0.00324285	-0.00213248	0.000564367	-5.91E-05	6.83E-06	-6.31E-07	-6.84E-08	0	0
0.00147481	-0.00373248	0.00324285	-0.00213248	0.000564367	-5.91E-05	6.83E-06	-6.31E-07	-6.84E-08	0	0
0.00184012	-0.00247262	0.00299541	-0.00174857	0.000811857	-0.000157937	-1.44E-06	1.79E-06	6.84E-08	0	0
-112.796	378.553	-495.466	329.449	-122.125	25.9211	-3.08492	0.189876	-0.00496482	3.39E-05	0
-2.67993	-12.0203	46.6246	-53.0315	28.7836	-8.42091	1.36227	-0.11617	0.00437392	-3.39E-05	0
18.3575	-77.8202	125.265	-101.256	45.1958	-11.4703	1.62345	-0.11835	0.00366639	-3.39E-05	0
0.436159	1.57116	-9.54795	14.0702	-9.48975	3.38002	-0.657896	0.0672593	-0.0030755	3.39E-05	0
-0.00495951	0.0254815	-0.0492425	0.0442042	-0.0189077	0.00416106	-0.000571335	6.87E-05	-5.39E-06	2.53E-08	0
-0.00618795	0.0244475	-0.0387556	0.0345593	-0.0202601	0.00670785	-0.000997842	2.49E-05	4.97E-06	-2.53E-08	0
0.00467803	-0.0243346	0.0465065	-0.0404927	0.0169055	-0.0036976	0.000509376	-6.07E-05	4.78E-06	-2.53E-08	0
0.00583675	-0.0234334	0.0361861	-0.0319189	0.0184007	-0.00595821	0.000876866	-2.26E-05	-4.36E-06	2.53E-08	0
336.172	-1330.88	2088.09	-1689.81	777.988	-211.064	33.522	-2.94956	0.124237	-0.00165535	6.79E-06
-56.8801	274.616	-517.646	498.577	-270.861	86.1161	-15.9562	1.63688	-0.081123	0.00135279	-6.79E-06
-56.8801	274.616	-517.646	498.577	-270.861	86.1161	-15.9562	1.63688	-0.081123	0.00135279	-6.79E-06
9.62408	-54.8286	122.66	-139.896	89.7037	-33.5344	7.2895	-0.878037	0.0514989	-0.00105023	6.79E-06
0	0	0	0	0	0	0	0	0	0	0
0	0	0	0	0	0	0	0	0	0	0
0	0	0	0	0	0	0	0	0	0	0
0	0	0	0	0	0	0	0	0	0	0
0	0	0	0	0	0	0	0	0	0	0
0	0	0	0	0	0	0	0	0	0	0
0	0	0	0	0	0	0	0	0	0	0
0	0	0	0	0	0	0	0	0	0	0
9.92507	-27.3747	29.1033	-15.369	4.41974	-0.708128	0.0614203	-0.002614	0.000042411	0	0
1.03616	-0.895076	-1.1829	1.83182	-0.930676	0.231249	-0.0298318	0.00186622	-0.000042411	0	0
1.03616	-0.895076	-1.1829	1.83182	-0.930676	0.231249	-0.0298318	0.00186622	-0.000042411	0	0
0.108174	0.111468	-0.176019	-0.0489994	0.121692	-0.0556608	0.0114277	-0.00111845	4.24E-05	0	0
0	0	0	0	0	0	0	0	0	0	0
0	0	0	0	0	0	0	0	0	0	0
0	0	0	0	0	0	0	0	0	0	0
0	0	0	0	0	0	0	0	0	0	0
0	0	0	0	0	0	0	0	0	0	0
0	0	0	0	0	0	0	0	0	0	0
0	0	0	0	0	0	0	0	0	0	0
0	0	0	0	0	0	0	0	0	0	0
-57.7628	193.998	-253.671	168.005	-61.9448	13.0985	-1.56092	0.0971007	-0.00259198	1.70E-05	0
-6.03034	8.82981	4.94271	-14.963	10.4318	-3.48556	0.620016	-0.0572001	0.00229287	-1.70E-05	0
9.77342	-41.3179	66.0595	-52.745	23.1478	-5.76768	0.803765	-0.0582636	0.00183559	-1.70E-05	0
1.02033	-2.38072	-0.100388	3.54835	-3.30188	1.35666	-0.289008	0.0316994	-0.00153648	1.70E-05	0
0	0	0	0	0	0	0	0	0	0	0
0	0	0	0	0	0	0	0	0	0	0
0	0	0	0	0	0	0	0	0	0	0
0	0	0	0	0	0	0	0	0	0	0
1365.52	-5448.07	8574.39	-6924.35	3169.34	-853.589	134.994	-11.9813	0.531108	-0.00891004	4.89E-05
-239.705	1172.98	-2234.12	2167.06	-1182.67	377.431	-70.3735	7.33779	-0.381711	0.00760411	-4.89E-05
-239.705	1172.98	-2234.12	2167.06	-1182.67	377.431	-70.3735	7.33779	-0.381711	0.00760411	-4.89E-05
42.0782	-243.933	554.505	-641.618	417.088	-158.165	34.9866	-4.32669	0.267186	-0.00629817	4.89E-05
0.00735391	0.0240136	-0.0201465	-0.0371841	0.102073	-0.0881879	0.0359311	-0.00702016	0.000540299	-6.17E-07	1.79E-10
-0.00698576	-0.0235166	0.0184787	0.0369618	-0.0988645	0.0852879	-0.0348511	0.00683819	-0.000529275	6.11E-07	-1.79E-10
-0.00698576	-0.0235166	0.0184787	0.0369618	-0.0988645	0.0852879	-0.0348511	0.00683819	-0.000529275	6.11E-07	-1.79E-10
0.00663605	0.0230092	-0.0167703	-0.0369383	0.0959347	-0.0825562	0.0338194	-0.00666251	0.000518548	-6.05E-07	1.79E-10
0.0147078	-0.137325	0.473091	-0.778146	0.712687	-0.372447	0.108454	-0.0161375	0.000933038	5.08E-06	7.02E-09
-0.0139715	0.131047	-0.457764	0.7724	-0.725118	0.386159	-0.113839	0.0170452	-0.000987449	-5.23E-06	-7.02E-09
-0.0139715	0.131047	-0.457764	0.7724	-0.725118	0.386159	-0.113839	0.0170452	-0.000987449	-5.23E-06	-7.02E-09
0.0132721	-0.125053	0.442929	-0.766178	0.737329	-0.40025	0.119478	-0.0180036	0.00104508	5.38E-06	7.02E-09
47.5155	-134.774	148.869	-82.6069	25.1426	-4.27835	0.394201	-0.0177773	0.000305824	0	0
-7.72955	30.6576	-43.7087	30.0098	-11.0702	2.27311	-0.255403	0.0143405	-0.000305824	0	0
-7.72955	30.6576	-43.7087	30.0098	-11.0702	2.27311	-0.255403	0.0143405	-0.000305824	0	0
1.30344	-6.64628	12.2819	-10.4176	4.63557	-1.14224	0.15574	-0.0109036	0.000305824	0	0
0.0476897	-0.147488	0.174779	-0.10279	0.0332612	-0.00598281	0.00055203	-2.05E-05	2.56E-07	0	0
-0.0651269	0.170536	-0.169634	0.0846568	-0.0241347	0.00407547	-0.000389661	1.71E-05	-2.56E-07	0	0
-0.0651269	0.170536	-0.169634	0.0846568	-0.0241347	0.00407547	-0.000389661	1.71E-05	-2.56E-07	0	0
0.0889397	-0.19072	0.157355	-0.0671051	0.017433	-0.00280692	0.000274099	-1.36E-05	2.56E-07	0	0
0.0641129	-0.162955	0.197095	-0.132576	0.0512851	-0.0103323	0.000890647	-1.27E-05	5.02E-08	0	0
-0.042752	0.110175	-0.139384	0.0985527	-0.040287	0.00851305	-0.000765779	1.18E-05	-5.02E-08	0	0
-0.042752	0.110175	-0.139384	0.0985527	-0.040287	0.00851305	-0.000765779	1.18E-05	-5.02E-08	0	0
0.028508	-0.0744764	0.0983892	-0.0729239	0.0315549	-0.0070047	0.000657941	-1.09E-05	5.02E-08	0	0
-254.637	869.328	-1156.39	780.743	-294.163	63.7365	-7.82248	0.507475	-0.014693	0.00012233	0
41.2177	-187.557	319.076	-265.267	120.494	-31.2264	4.60863	-0.366411	0.0133183	-0.00012233	0
44.6993	-192.998	315.654	-258.814	117.205	-30.2821	4.40194	-0.336181	0.0114282	-0.00012233	0
-7.23542	39.4636	-81.6605	82.4985	-45.1876	14.0138	-2.45911	0.23171	-0.0100534	0.00012233	0
0.0307077	-0.182382	0.363829	-0.379047	0.225059	-0.0751219	0.0129317	-0.000914801	4.36E-06	1.88E-08	0
-0.0204766	0.122341	-0.248892	0.271273	-0.170341	0.0599406	-0.0107883	0.000795935	-4.71E-06	-1.88E-08	0
-0.0291704	0.174496	-0.358814	0.383011	-0.232059	0.0786292	-0.0136538	0.000968932	-4.76E-06	-1.88E-08	0
0.0194515	-0.117047	0.245374	-0.273672	0.175411	-0.0627012	0.0113878	-0.000842793	5.11E-06	1.88E-08	0
346.624	-1386.48	2195.25	-1790.81	830.892	-227.44	36.5951	-3.29682	0.146599	-0.00234829	0.000012064
-63.0166	308.081	-586.397	569.113	-311.305	99.7399	-18.6895	1.95729	-0.101698	0.0019698	-0.000012064
-63.0166	308.081	-586.397	569.113	-311.305	99.7399	-18.6895	1.95729	-0.101698	0.0019698	-0.000012064
11.4565	-66.1932	149.711	-172.068	111.012	-41.7689	9.16545	-1.12373	0.0686724	-0.00159131	0.000012064
0	0	0	0	0	0	0	0	0	0	0
0	0	0	0	0	0	0	0	0	0	0
0	0	0	0	0	0	0	0	0	0	0
0	0	0	0	0	0	0	0	0	0	0
0	0	0	0	0	0	0	0	0	0	0
0	0	0	0	0	0	0	0	0	0	0
0	0	0	0	0	0	0	0	0	0	0
0	0	0	0	0	0	0	0	0	0	0
12.2675	-34.7111	37.8372	-20.4983	6.0697	-1.00949	0.0922179	-0.00422856	7.54E-05	0	0
-0.90672	5.0054	-8.14908	5.94738	-2.27299	0.481316	-0.0561396	0.00331769	-7.54E-05	0	0
-0.90672	5.0054	-8.14908	5.94738	-2.27299	0.481316	-0.0561396	0.00331769	-7.54E-05	0	0
0.0670179	-0.550295	1.48318	-1.52322	0.765337	-0.207721	0.0310651	-0.00240682	7.54E-05	0	0
0	0	0	0	0	0	0	0	0	0	0
0	0	0	0	0	0	0	0	0	0	0
0	0	0	0	0	0	0	0	0	0	0
0	0	0	0	0	0	0	0	0	0	0
0	0	0	0	0	0	0	0	0	0	0
0	0	0	0	0	0	0	0	0	0	0
0	0	0	0	0	0	0	0	0	0	0
0	0	0	0	0	0	0	0	0	0	0
-65.2089	222.672	-295.889	199.068	-74.657	16.1228	-1.97982	0.129301	-0.00378108	0.00003016	0
4.81975	-29.4273	57.9111	-52.2955	25.1864	-6.87098	1.06799	-0.0896254	0.00341673	-0.00003016	0
11.8551	-51.0201	82.8613	-67.1319	29.92	-7.59929	1.0887	-0.0826092	0.00283485	-0.00003016	0
-0.876236	6.12882	-14.7727	16.2432	-9.3787	3.02885	-0.552631	0.0543647	-0.0024705	0.00003016	0
0	0	0	0	0	0	0	0	0	0	0
0	0	0	0	0	0	0	0	0	0	0
0	0	0	0	0	0	0	0	0	0	0
0	0	0	0	0	0	0	0	0	0	0
357.149	-1447.88	2310.53	-1888.26	874.175	-238.566	38.4694	-3.53699	0.169265	-0.00347151	2.47E-05
-69.2699	344.926	-665.231	650.952	-357.884	115.172	-21.756	2.32743	-0.12847	0.00300422	-2.40E-05
-69.2699	344.926	-665.231	650.952	-357.884	115.172	-21.756	2.32743	-0.12847	0.00300422	-2.40E-05
13.435	-79.3328	182.637	-212.763	138.837	-52.845	11.7706	-1.47986	0.0954458	-0.0025589	2.34E-05
0	0	0	0	0	0	0	0	0	0	0
0	0	0	0	0	0	0	0	0	0	0
0	0	0	0	0	0	0	0	0	0	0
0	0	0	0	0	0	0	0	0	0	0
0	0	0	0	0	0	0	0	0	0	0
0	0	0	0	0	0	0	0	0	0	0
0	0	0	0	0	0	0	0	0	0	0
0	0	0	0	0	0	0	0	0	0	0
16.2523	-47.6772	53.997	-30.4924	9.45277	-1.65626	0.16085	-0.00793986	0.000154152	0	0
-6.05491	20.3702	-26.1606	16.6343	-5.78083	1.13388	-0.123489	0.00686411	-0.00015014	0	0
-6.05491	20.3702	-26.1606	16.6343	-5.78083	1.13388	-0.123489	0.00686411	-0.00015014	0	0
2.2558	-8.56057	12.4163	-8.87414	3.45645	-0.759261	0.0928642	-0.00583896	0.000146234	0	0
0	0	0	0	0	0	0	0	0	0	0
0	0	0	0	0	0	0	0	0	0	0
0	0	0	0	0	0	0	0	0	0	0
0	0	0	0	0	0	0	0	0	0	0
0	0	0	0	0	0	0	0	0	0	0
0	0	0	0	0	0	0	0	0	0	0
0	0	0	0	0	0	0	0	0	0	0
0	0	0	0	0	0	0	0	0	0	0
-76.1872	266.181	-361.05	247.484	-94.5898	20.89	-2.64785	0.182365	-0.00592735	6.17E-05	0
28.3841	-111.392	169.691	-130.024	55.4106	-13.6333	1.92868	-0.148836	0.00542546	-6.01E-05	0
14.7767	-65.3017	108.677	-90.1867	41.244	-10.7928	1.6061	-0.128696	0.00483073	-6.01E-05	0
-5.50516	26.6996	-49.5057	45.7854	-23.3395	6.81557	-1.13594	0.102626	-0.00436642	5.85E-05	0
0	0	0	0	0	0	0	0	0	0	0
0	0	0	0	0	0	0	0	0	0	0
0	0	0	0	0	0	0	0	0	0	0
0	0	0	0	0	0	0	0	0	0	0
367.966	-1501.26	2415.39	-1994.55	934.951	-258.851	42.4119	-3.96395	0.19224	-0.00394392	2.78E-05
-75.7575	377.937	-732.363	721.739	-400.225	130.035	-24.8116	2.67949	-0.148728	0.0034474	-0.000027144
-75.7575	377.937	-732.363	721.739	-400.225	130.035	-24.8116	2.67949	-0.148728	0.0034474	-0.000027144
15.5971	-91.9861	212.062	-248.053	162.731	-62.2777	13.9365	-1.75666	0.112973	-0.00297296	2.65E-05
0	0	0	0	0	0	0	0	0	0	0
0	0	0	0	0	0	0	0	0	0	0
0	0	0	0	0	0	0	0	0	0	0
0	0	0	0	0	0	0	0	0	0	0
0	0	0	0	0	0	0	0	0	0	0
0	0	0	0	0	0	0	0	0	0	0
0	0	0	0	0	0	0	0	0	0	0
0	0	0	0	0	0	0	0	0	0	0
16.7502	-49.5519	56.3305	-31.7869	9.84339	-1.72989	0.170024	-0.0086118	0.000173935	0	0
-6.34036	21.5473	-27.7168	17.528	-6.05756	1.1882	-0.130771	0.0074528	-0.00016965	0	0
-6.34036	21.5473	-27.7168	17.528	-6.05756	1.1882	-0.130771	0.0074528	-0.00016965	0	0
2.39998	-9.21248	13.3768	-9.47037	3.65004	-0.798717	0.0985035	-0.00634568	0.000165471	0	0
0	0	0	0	0	0	0	0	0	0	0
0	0	0	0	0	0	0	0	0	0	0
0	0	0	0	0	0	0	0	0	0	0
0	0	0	0	0	0	0	0	0	0	0
0	0	0	0	0	0	0	0	0	0	0
0	0	0	0	0	0	0	0	0	0	0
0	0	0	0	0	0	0	0	0	0	0
0	0	0	0	0	0	0	0	0	0	0
-78.508	276.277	-377.335	260.241	-100.105	22.2927	-2.85967	0.200367	-0.00665225	0.000069574	0
29.7172	-117.657	180.136	-138.254	59.0156	-14.5937	2.08698	-0.163945	0.00610964	-6.79E-05	0
16.1634	-71.5708	119.603	-99.6149	45.6693	-11.9796	1.78984	-0.144518	0.00548998	-6.79E-05	0
-6.11823	29.7842	-55.4007	51.2408	-26.0662	7.60251	-1.27013	0.115682	-0.00498533	6.62E-05	0
0	0	0	0	0	0	0	0	0	0	0
0	0	0	0	0	0	0	0	0	0	0
0	0	0	0	0	0	0	0	0	0	0
0	0	0	0	0	0	0	0	0	0	0
5.09295  -5.1574  1.33145  -0.0130539  0.000032628      0       0       0       0     0     0    
0       0       0       0       0       0       0       0       0       0       0
0       0       0       0       0       0       0       0       0       0       0
0       0       0       0       0       0       0       0       0       0       0
0       0       0       0       0       0       0       0       0       0       0
0       0       0       0       0       0       0       0       0       0       0
0       0       0       0       0       0       0       0       0       0       0
0       0       0       0       0       0       0       0       0       0       0
0       0       0       0       0       0       0       0       0       0       0
0       0       0       0       0       0       0       0       0       0       0
0       0       0       0       0       0       0       0       0       0       0
0       0       0       0       0       0       0       0       0       0       0
0.000437203  -0.000238873  0.000032628  0       0       0       0       0       0     0     0
0       0       0       0       0       0       0       0       0       0       0
0       0       0       0       0       0       0       0       0       0       0
0       0       0       0       0       0       0       0       0       0       0
0       0       0       0       0       0       0       0       0       0       0
0       0       0       0       0       0       0       0       0       0       0
0       0       0       0       0       0       0       0       0       0       0
0       0       0       0       0       0       0       0       0       0       0
0       0       0       0       0       0       0       0       0       0       0
0       0       0       0       0       0       0       0       0       0       0
0       0       0       0       0       0       0       0       0       0       0
0       0       0       0       0       0       0       0       0       0       0
-0.0471874  0.0367831  -0.00664641  0.000032628 0       0       0       0       0     0     0
0       0       0       0       0       0       0       0       0       0       0
0       0       0       0       0       0       0       0       0       0       0
0       0       0       0       0       0       0       0       0       0       0
0       0       0       0       0       0       0       0       0       0       0
0       0       0       0       0       0       0       0       0       0       0
0       0       0       0       0       0       0       0       0       0       0
0       0       0       0       0       0       0       0       0       0       0
31.8294  -65.9618  48.5834  -15.194  1.9036  -0.0595886  0.000544329    0       0     0     0
-3.18299  8.62425  -8.02539  3.19316  -0.554467  0.0353797  -0.000511426 0      0     0     0
-3.18299  8.62425  -8.02539  3.19316  -0.554467  0.0353797  -0.000511426 0      0     0     0
0.318304  -1.06524  1.24846  -0.62249  0.141618  -0.0138797  0.000480513 0      0     0     0
0       0       0       0       0       0       0       0       0       0       0
0       0       0       0       0       0       0       0       0       0       0
0       0       0       0       0       0       0       0       0       0       0
0       0       0       0       0       0       0       0       0       0       0
0       0       0       0       0       0       0       0       0       0       0
0       0       0       0       0       0       0       0       0       0       0
0       0       0       0       0       0       0       0       0       0       0
0       0       0       0       0       0       0       0       0       0       0
0.299629  -0.373798  0.154895  -0.0238983  0.00122474   0       0       0       0     0     0
-0.0352627  0.0990955  -0.0683453  0.0161561  -0.00115071       0       0       0     0     0     0
-0.0352627  0.0990955  -0.0683453  0.0161561  -0.00115071       0       0       0     0     0     0
0.00414999  -0.0181474  0.0240755  -0.00926264  0.00108115      0       0       0     0     0     0
0       0       0       0       0       0       0       0       0       0       0
0       0       0       0       0       0       0       0       0       0       0
0       0       0       0       0       0       0       0       0       0       0
0       0       0       0       0       0       0       0       0       0       0
0       0       0       0       0       0       0       0       0       0       0
0       0       0       0       0       0       0       0       0       0       0
0       0       0       0       0       0       0       0       0       0       0
0       0       0       0       0       0       0       0       0       0       0
-3.08821  5.12625  -2.89248  0.653386 -0.0526576  0.000816493   0       0       0     0     0
0.363444  -1.17124  1.09117  -0.373592  0.0452762  -0.000767139 0       0       0     0     0
0.308826  -0.709394  0.515378  -0.153134  0.0185641  -0.000767139       0       0     0     0     0
-0.036345  0.140282  -0.171917  0.0770456  -0.0134973  0.000720769      0       0     0     0     0
0	  0	     0	      0	0	0	0	0	0	0	0
0	  0	     0	      0	0	0	0	0	0	0	0
0	  0	     0	      0	0	0	0	0	0	0	0
0	  0	     0	      0	0	0	0	0	0	0	0
31.8299  -64.0634  45.2527  -13.1466  1.37749  -0.00944148  0.000016743 0       0     0     0
0	  0	     0	      0	0	0	0	0	0	0	0
0	  0	     0	      0	0	0	0	0	0	0	0
0	  0	     0	      0	0	0	0	0	0	0	0
0	  0	     0	      0	0	0	0	0	0	0	0
0	  0	     0	      0	0	0	0	0	0	0	0
0	  0	     0	      0	0	0	0	0	0	0	0
0	  0	     0	      0	0	0	0	0	0	0	0
0	  0	     0	      0	0	0	0	0	0	0	0
0	  0	     0	      0	0	0	0	0	0	0	0
0	  0	     0	      0	0	0	0	0	0	0	0
0	  0	     0	      0	0	0	0	0	0	0	0
0.00648165  -0.00864429  0.00387041  -0.000659014  0.0000376718 0       0       0     0     0     0
0	  0	     0	      0	0	0	0	0	0	0	0
0	  0	     0	      0	0	0	0	0	0	0	0
0	  0	     0	      0	0	0	0	0	0	0	0
0	  0	     0	      0	0	0	0	0	0	0	0
0	  0	     0	      0	0	0	0	0	0	0	0
0	  0	     0	      0	0	0	0	0	0	0	0
0	  0	     0	      0	0	0	0	0	0	0	0
0	  0	     0	      0	0	0	0	0	0	0	0
0	  0	     0	      0	0	0	0	0	0	0	0
0	  0	     0	      0	0	0	0	0	0	0	0
0	  0	     0	      0	0	0	0	0	0	0	0
-0.454214  0.759976  -0.432314  0.0971138  -0.00730079  0.0000251146    0       0     0     0     0
0	  0	     0	      0	0	0	0	0	0	0	0
0	  0	     0	      0	0	0	0	0	0	0	0
0	  0	     0	      0	0	0	0	0	0	0	0
0	  0	     0	      0	0	0	0	0	0	0	0
0	  0	     0	      0	0	0	0	0	0	0	0
0	  0	     0	      0	0	0	0	0	0	0	0
0	  0	     0	      0	0	0	0	0	0	0	0
0.0397887         0          0        0          0      0       0       0       0       0      0 
0.0397887	  0	     0	      0	         0	0	0	0	0	0      0
0.0397887	  0	     0	      0 	 0	0	0	0	0	0      0	
0.0397887	  0	     0	      0	         0	0	0	0	0	0      0
0.0397887	  0	     0	      0	         0	0	0	0	0	0      0
0.0397887	  0	     0        0	         0	0	0	0	0	0      0
0.0397887	  0	     0	      0	         0	0	0	0	0	0      0
0.0397887	  0	     0	      0	         0	0	0	0	0	0      0
0.0795775	  0	     0	      0	         0	0	0	0	0	0      0
0.0795775	  0	     0	      0		 0	0	0	0	0	0      0
0.0795775	  0	     0	      0	         0	0	0	0	0	0      0
0.0795775	  0	     0	      0	         0	0	0	0	0	0      0
0                 0          0        0	         0	0	0	0	0	0      0
0	          0	     0	      0	         0	0	0	0	0	0      0
0	          0	     0	      0	         0	0	0	0	0	0      0
0	 	  0	     0	      0	         0	0	0	0	0	0      0
0	          0	     0	      0	         0	0	0	0	0	0      0
0	          0	     0	      0	         0	0	0	0	0	0      0
0	          0	     0	      0	         0	0	0	0	0	0      0
0	          0	     0	      0	         0	0	0	0	0	0      0
0	          0	     0	      0		 0	0	0	0	0	0      0
0	          0	     0	      0		 0	0	0	0	0	0      0
0	          0	     0	      0		 0	0	0	0	0	0      0
0	          0	     0	      0		 0	0	0	0	0	0      0
0                 0          0        0          0	0	0	0	0	0      0
0	          0	     0	      0	         0	0	0	0	0	0      0
0	          0	     0	      0	         0	0	0	0	0	0      0
0	          0	     0	      0	         0	0	0	0	0	0      0
0	          0	     0	      0	         0      0	0	0	0	0      0
0	          0	     0	      0	         0	0	0	0	0	0      0
0	          0	     0	      0	         0	0	0	0	0	0      0
0	          0	     0	      0	         0	0	0	0	0	0      0
0.358099          0          0        0          0      0       0       0       0       0      0 
0.119366	  0	     0	      0	         0	0	0	0	0	0      0
0.119366	  0	     0	      0 	 0	0	0	0	0	0      0	
0.0397887	  0	     0	      0	         0	0	0	0	0	0      0
0.0397887	  0	     0	      0	         0	0	0	0	0	0      0
-0.0397887	  0	     0        0	         0	0	0	0	0	0      0
-0.0397887	  0	     0	      0	         0	0	0	0	0	0      0
0.0397887	  0	     0	      0	         0	0	0	0	0	0      0
0.0795775	  0	     0	      0	         0	0	0	0	0	0      0
-0.0795775	  0	     0	      0		 0	0	0	0	0	0      0
-0.0795775	  0	     0	      0	         0	0	0	0	0	0      0
0.0795775	  0	     0	      0	         0	0	0	0	0	0      0
0                 0          0        0	         0	0	0	0	0	0      0
0	          0	     0	      0	         0	0	0	0	0	0      0
0	          0	     0	      0	         0	0	0	0	0	0      0
0	 	  0	     0	      0	         0	0	0	0	0	0      0
0	          0	     0	      0	         0	0	0	0	0	0      0
0	          0	     0	      0	         0	0	0	0	0	0      0
0	          0	     0	      0	         0	0	0	0	0	0      0
0	          0	     0	      0	         0	0	0	0	0	0      0
0	          0	     0	      0		 0	0	0	0	0	0      0
0	          0	     0	      0		 0	0	0	0	0	0      0
0	          0	     0	      0		 0	0	0	0	0	0      0
0	          0	     0	      0		 0	0	0	0	0	0      0
0                 0          0        0          0	0	0	0	0	0      0
0	          0	     0	      0	         0	0	0	0	0	0      0
0	          0	     0	      0	         0	0	0	0	0	0      0
0	          0	     0	      0	         0	0	0	0	0	0      0
0	          0	     0	      0	         0      0	0	0	0	0      0
0	          0	     0	      0	         0	0	0	0	0	0      0
0	          0	     0	      0	         0	0	0	0	0	0      0
0	          0	     0	      0	         0	0	0	0	0	0      0
0.31831           0          0        0          0      0       0       0       0       0      0 
0	          0	     0	      0	         0	0	0	0	0	0      0
0  	          0	     0	      0 	 0	0	0	0	0	0      0	
0     	          0	     0	      0	         0	0	0	0	0	0      0
0     	          0	     0	      0	         0	0	0	0	0	0      0
0	          0	     0        0	         0	0	0	0	0	0      0
0	 	  0	     0	      0	         0	0	0	0	0	0      0
0	          0	     0	      0	         0	0	0	0	0	0      0
0	 	  0	     0	      0	         0	0	0	0	0	0      0
0	 	  0	     0	      0		 0	0	0	0	0	0      0
0	  	  0	     0	      0	         0	0	0	0	0	0      0
0	 	  0	     0	      0	         0	0	0	0	0	0      0
0                 0          0        0	         0	0	0	0	0	0      0
0	          0	     0	      0	         0	0	0	0	0	0      0
0	          0	     0	      0	         0	0	0	0	0	0      0
0	 	  0	     0	      0	         0	0	0	0	0	0      0
0	          0	     0	      0	         0	0	0	0	0	0      0
0	          0	     0	      0	         0	0	0	0	0	0      0
0	          0	     0	      0	         0	0	0	0	0	0      0
0	          0	     0	      0	         0	0	0	0	0	0      0
0	          0	     0	      0		 0	0	0	0	0	0      0
0	          0	     0	      0		 0	0	0	0	0	0      0
0	          0	     0	      0		 0	0	0	0	0	0      0
0	          0	     0	      0		 0	0	0	0	0	0      0
0                 0          0        0          0	0	0	0	0	0      0
0	          0	     0	      0	         0	0	0	0	0	0      0
0	          0	     0	      0	         0	0	0	0	0	0      0
0	          0	     0	      0	         0	0	0	0	0	0      0
0	          0	     0	      0	         0      0	0	0	0	0      0
0	          0	     0	      0	         0	0	0	0	0	0      0
0	          0	     0	      0	         0	0	0	0	0	0      0
0	          0	     0	      0	         0	0	0	0	0	0      0
11.6979          -11.1409    2.67574  0          0      0       0       0       0       0      0 
0	          0	     0	      0	         0	0	0	0	0	0      0
0  	          0	     0	      0 	 0	0	0	0	0	0      0	
0     	          0	     0	      0	         0	0	0	0	0	0      0
0.03367807     	 0.0556726  0.0230079 0	         0      0	0	0	0	0      0	
0	          0	     0        0	         0	0	0	0	0	0      0
0	 	  0	     0	      0	         0	0	0	0	0	0      0
0	          0	     0	      0	         0	0	0	0	0	0      0
0.06735568   -0.19038376  0.1345320   0	         0	0	0	0	0	0      0     
0	 	  0	     0	      0		 0	0	0	0	0	0      0
0	  	  0	     0	      0	         0	0	0	0	0	0      0
0	 	  0	     0	      0	         0	0	0	0	0	0      0
0.0905048         0          0        0	         0	0	0	0	0	0      0
0	          0	     0	      0	         0	0	0	0	0	0      0
0	          0	     0	      0	         0	0	0	0	0	0      0
0	 	  0	     0	      0	         0	0	0	0	0	0      0
0.00126432	  0	     0	      0	         0	0	0	0	0	0      0
0	          0	     0	      0	         0	0	0	0	0	0      0
0	          0	     0	      0	         0	0	0	0	0	0      0
0	          0	     0	      0	         0	0	0	0	0	0      0
0.0424075	  0	     0	      0		 0	0	0	0	0	0      0
0	          0	     0	      0		 0	0	0	0	0	0      0
0	          0	     0	      0		 0	0	0	0	0	0      0
0	          0	     0	      0		 0	0	0	0	0	0      0
-1.02414          0.483267   0        0          0      0	0	0	0	0      0
0	          0	     0	      0	         0	0	0	0	0	0      0
0	          0	     0	      0	         0	0	0	0	0	0      0
0	          0	     0	      0	         0	0	0	0	0	0      0
0.0534451	 -0.0755325  0	      0	         0	0       0	0	0	0      0
0	          0	     0	      0	         0	0	0	0	0	0      0
0	          0	     0	      0	         0	0	0	0	0	0      0
0	          0	     0	      0	         0	0	0	0	0	0      0
7.95769      -10.6103    4.70903  -0.781512  0.0431723  0       0       0       0       0      0 
0	          0	     0	      0	         0	0	0	0	0	0      0
0  	          0	     0	      0 	 0	0	0	0	0	0      0	
0     	          0	     0	      0	         0	0	0	0	0	0      0
0     	          0          0        0	         0      0	0	0	0	0      0	
0	          0	     0        0	         0	0	0	0	0	0      0
0	 	  0	     0	      0	         0	0	0	0	0	0      0
0	          0	     0	      0	         0	0	0	0	0	0      0
0                 0          0        0	         0	0	0	0	0	0      0     
0	 	  0	     0	      0		 0	0	0	0	0	0      0
0	  	  0	     0	      0	         0	0	0	0	0	0      0
0	 	  0	     0	      0	         0	0	0	0	0	0      0
0.0217549   -0.017403919  0.00348077  0	         0	0	0	0	0	0      0
0	          0	     0	      0	         0	0	0	0	0	0      0
0	          0	     0	      0	         0	0	0	0	0	0      0
0	 	  0	     0	      0	         0	0	0	0	0	0      0
0         	  0	     0	      0	         0	0	0	0	0	0      0
0	          0	     0	      0	         0	0	0	0	0	0      0
0	          0	     0	      0	         0	0	0	0	0	0      0
0	          0	     0	      0	         0	0	0	0	0	0      0
0       	  0	     0	      0		 0	0	0	0	0	0      0
0	          0	     0	      0		 0	0	0	0	0	0      0
0	          0	     0	      0		 0	0	0	0	0	0      0
0	          0	     0	      0		 0	0	0	0	0	0      0
-0.416077         0.443815 -0.1416 0.0122586     0      0	0	0	0	0      0
0	          0	     0	      0	         0	0	0	0	0	0      0
0	          0	     0	      0	         0	0	0	0	0	0      0
0	          0	     0	      0	         0	0	0	0	0	0      0
0        	  0          0	      0	         0	0       0	0	0	0      0
0	          0	     0	      0	         0	0	0	0	0	0      0
0	          0	     0	      0	         0	0	0	0	0	0      0
0	          0	     0	      0	         0	0	0	0	0	0      0
11.459103    -17.82526  9.3109673 -1.8502739 0.123467   0       0       0       0       0      0      
0	          0	     0	      0	         0	0	0	0	0	0      0
0  	          0	     0	      0 	 0	0	0	0	0	0      0	
0     	          0	     0	      0	         0	0	0	0	0	0      0
0     	          0          0        0	         0      0	0	0	0	0      0	
0	          0	     0        0	         0	0	0	0	0	0      0
0	 	  0	     0	      0	         0	0	0	0	0	0      0
0	          0	     0	      0	         0	0	0	0	0	0      0
0                 0          0        0	         0	0	0	0	0	0      0     
0	 	  0	     0	      0		 0	0	0	0	0	0      0
0	  	  0	     0	      0	         0	0	0	0	0	0      0
0	 	  0	     0	      0	         0	0	0	0	0	0      0
0.16301     -0.130408  0.0260816      0	         0	0	0	0	0	0      0
0	          0	     0	      0	         0	0	0	0	0	0      0
0	          0	     0	      0	         0	0	0	0	0	0      0
0	 	  0	     0	      0	         0	0	0	0	0	0      0
0         	  0	     0	      0	         0	0	0	0	0	0      0
0	          0	     0	      0	         0	0	0	0	0	0      0
0	          0	     0	      0	         0	0	0	0	0	0      0
0	          0	     0	      0	         0	0	0	0	0	0      0
0       	  0	     0	      0		 0	0	0	0	0	0      0
0	          0	     0	      0		 0	0	0	0	0	0      0
0	          0	     0	      0		 0	0	0	0	0	0      0
0	          0	     0	      0		 0	0	0	0	0	0      0
-1.36673       1.6097  -0.567072  0.056747       0      0	0	0	0	0      0
0	          0	     0	      0	         0	0	0	0	0	0      0
0	          0	     0	      0	         0	0	0	0	0	0      0
0	          0	     0	      0	         0	0	0	0	0	0      0
0        	  0          0	      0	         0	0       0	0	0	0      0
0	          0	     0	      0	         0	0	0	0	0	0      0
0	          0	     0	      0	         0	0	0	0	0	0      0
0	          0	     0	      0	         0	0	0	0	0	0      0
87.0146    -146.097    83.5367 -18.5981    1.43446      0       0       0       0       0      0      
-3.22283    7.00266   -4.92756  1.33587   -0.11524	0	0	0	0	0      0
-3.22283    7.00266   -4.92756  1.33587   -0.11524	0	0	0	0	0      0	
0.119366   -0.31831    0.33729 -0.132526   0.018155     0	0	0	0	0      0
0.0309465  -0.0367242  0.0265347 -0.00241606 0.0110011  0	0	0	0	0      0	
0.0260233  -0.0210567  0.0158643  0.000606077 0.0105713	0	0	0	0	0      0
0.0260233  -0.0210567  0.0158643  0.000606077 0.0105713	0	0	0	0	0      0
0.0218834  -0.00944476 0.011506   0.000953537 0.0104813 0	0	0	0	0      0
0.0618929  -0.210848   0.210848  -0.0942682   0.0243737 0	0	0	0	0      0     
0.0520466  -0.18713    0.233007  -0.0985082   0.0259327 0	0	0	0	0      0
0.0520466  -0.18713    0.233007  -0.0985082   0.0259327 0	0	0	0	0      0
0.0437667  -0.165622   0.221193	 -0.101991    0.0277477 0	0	0	0	0      0
2.80498    -2.24306    0.455491       0	         0	0	0	0	0	0      0
-0.180417   0.137389  -0.0239615      0	         0	0	0	0	0	0      0
-0.180417   0.137389  -0.0239615      0	         0	0	0	0	0	0      0
0.021493   -0.0156159  0.00596886     0	         0	0	0	0	0	0      0
0.0000680703  -0.000376682 0.00340251 0	         0	0	0	0	0	0      0
-0.0010092     0.00298228  0.00281525 0	         0	0	0	0	0	0      0
-0.0010092     0.00298228  0.00281525 0	         0	0	0	0	0	0      0
0.0149622     -0.00563307  0.00440385 0	         0	0	0	0	0	0      0
0.126043      -0.100835	   0.0237577  0		 0	0	0	0	0	0      0
0.0850285     -0.0680228   0.016845   0		 0	0	0	0	0	0      0
0.0850285     -0.0680228   0.016845   0		 0	0	0	0	0	0      0
0.05736	      -0.045888    0.0121020  0		 0	0	0	0	0	0      0
-15.6228       19.3589    -7.23234  0.79705      0      0	0	0	0	0      0
1.00112	      -1.15934     0.40275  -0.0364952	 0	0	0	0	0	0      0
0.578632      -1.00438     0.491252 -0.0730693   0	0	0	0	0	0      0
-0.0370794     0.0852545  -0.0449284 0.00866992  0	0	0	0	0	0      0
-0.0883243     0.185775   -0.104001  0.0163635   0	0       0	0	0	0      0
-0.0595834     0.125323   -0.0717204 0.011398    0	0	0	0	0	0      0
-0.0742731     0.170242   -0.105744  0.0188197   0	0	0	0	0	0      0
-0.0501045     0.114845   -0.0729898 0.0131315   0	0	0	0	0	0      0
20.371557120 -37.3477515 23.9942168 -6.3034818 0.580305 0	0	0	0	0      0
0	          0	     0	      0	         0	0	0	0	0	0      0
0  	          0	     0	      0 	 0	0	0	0	0	0      0	
0     	          0	     0	      0	         0	0	0	0	0	0      0
0     	          0	     0	      0	         0	0	0	0	0	0      0
0	          0	     0        0	         0	0	0	0	0	0      0
0	 	  0	     0	      0	         0	0	0	0	0	0      0
0	          0	     0	      0	         0	0	0	0	0	0      0
0	 	  0	     0	      0	         0	0	0	0	0	0      0
0	 	  0	     0	      0		 0	0	0	0	0	0      0
0	  	  0	     0	      0	         0	0	0	0	0	0      0
0	 	  0	     0	      0	         0	0	0	0	0	0      0
0.4787131     -0.3829705  0.0765941   0	         0	0	0	0	0	0      0
0	          0	     0	      0	         0	0	0	0	0	0      0
0	          0	     0	      0	         0	0	0	0	0	0      0
0	 	  0	     0	      0	         0	0	0	0	0	0      0
0	          0	     0	      0	         0	0	0	0	0	0      0
0	          0	     0	      0	         0	0	0	0	0	0      0
0	          0	     0	      0	         0	0	0	0	0	0      0
0	          0	     0	      0	         0	0	0	0	0	0      0
0	          0	     0	      0		 0	0	0	0	0	0      0
0	          0	     0	      0		 0	0	0	0	0	0      0
0	          0	     0	      0		 0	0	0	0	0	0      0
0	          0	     0	      0		 0	0	0	0	0	0      0
-3.12284       4.11173     -1.6721   0.210827     0	0	0	0	0	0      0
0	          0	     0	      0	         0	0	0	0	0	0      0
0	          0	     0	      0	         0	0	0	0	0	0      0
0	          0	     0	      0	         0	0	0	0	0	0      0
0	          0	     0	      0	         0      0	0	0	0	0      0
0	          0	     0	      0	         0	0	0	0	0	0      0
0	          0	     0	      0	         0	0	0	0	0	0      0
0	          0	     0	      0	         0	0	0	0	0	0      0
62.3888        -160.428 152.644 -67.2779     14.478  -1.43665 0.0525291	0	0	0      0
-4.45633	14.6422 -18.2579 10.8919    -3.2296 0.446836 -0.0220016 0	0	0      0
-4.45633	14.6422 -18.2579 10.8919    -3.2296 0.446836 -0.0220016 0	0	0      0	
0.318309       -1.27323  1.99188 -1.54562 0.622264 -0.122277 0.00921525	0	0	0      0
0     	          0	     0	      0	         0	0	0	0	0	0      0
0	          0	     0        0	         0	0	0	0	0	0      0
0	 	  0	     0	      0	         0	0	0	0	0	0      0
0	          0	     0	      0	         0	0	0	0	0	0      0
0	 	  0	     0	      0	         0	0	0	0	0	0      0
0	 	  0	     0	      0		 0	0	0	0	0	0      0
0	  	  0	     0	      0	         0	0	0	0	0	0      0
0	 	  0	     0	      0	         0	0	0	0	0	0      0
4.22872     -6.76595   3.79067   -0.867433   0.069506   0	0	0	0	0      0
-0.778655    1.24585  -0.741661   0.194658  -0.0183967	0	0	0	0	0      0
-0.778655    1.24585  -0.741661   0.194658  -0.0183967	0	0	0	0	0      0
0.143378    -0.229404  0.144606  -0.0422756  0.00486921 0	0	0	0	0      0
0	          0	     0	      0	         0	0	0	0	0	0      0
0	          0	     0	      0	         0	0	0	0	0	0      0
0	          0	     0	      0	         0	0	0	0	0	0      0
0	          0	     0	      0	         0	0	0	0	0	0      0
0	          0	     0	      0		 0	0	0	0	0	0      0
0	          0	     0	      0		 0	0	0	0	0	0      0
0	          0	     0	      0		 0	0	0	0	0	0      0
0	          0	     0	      0		 0	0	0	0	0	0      0
-16.2427      33.8776     -25.2342   8.30471 -1.20334 0.0604243	0	0	0	0      0
2.99085	   -6.23805    4.81422    -1.74483  0.288128 -0.015993	0	0	0	0      0
1.16019	   -3.24853    3.31473    -1.54264  0.325833 -0.0253084 0	0	0	0      0
-0.213631   0.598168 -0.622338   0.308014 -0.0735211 0.00669858 0	0	0	0      0
0	          0	     0	      0	         0      0	0	0	0	0      0
0	          0	     0	      0	         0	0	0	0	0	0      0
0	          0	     0	      0	         0	0	0	0	0	0      0
0	          0	     0	      0	         0	0	0	0	0	0      0
66.9246        -175.389 169.877 -76.127     16.6597  -1.6839 0.0628067	0	0	0      0
-2.30773       7.63937 -10.3404 6.95311    -2.30652 0.350525 -0.0185041 0	0	0      0
-2.30773       7.63937 -10.3404 6.95311    -2.30652 0.350525 -0.0185041 0	0	0      0	
0.0795762  -0.318305  0.548985 -0.503018 0.250492 -0.0603789 0.00545169	0	0	0      0
0     	          0	     0	      0	         0	0	0	0	0	0      0
0	          0	     0        0	         0	0	0	0	0	0      0
0	 	  0	     0	      0	         0	0	0	0	0	0      0
0	          0	     0	      0	         0	0	0	0	0	0      0
0	 	  0	     0	      0	         0	0	0	0	0	0      0
0	 	  0	     0	      0		 0	0	0	0	0	0      0
0	  	  0	     0	      0	         0	0	0	0	0	0      0
0	 	  0	     0	      0	         0	0	0	0	0	0      0
5.4697     -8.75152    4.88454   -1.10715   0.0875404   0	0	0	0	0      0
-0.231284   0.370054  -0.264922   0.0935201  -0.0110873	0	0	0	0	0      0
-0.231284   0.370054  -0.264922   0.0935201  -0.0110873	0	0	0	0	0      0
0.00977975 -0.0156476 0.0136707  -0.00592935 0.00140426 0	0	0	0	0      0
0	          0	     0	      0	         0	0	0	0	0	0      0
0	          0	     0	      0	         0	0	0	0	0	0      0
0	          0	     0	      0	         0	0	0	0	0	0      0
0	          0	     0	      0	         0	0	0	0	0	0      0
0	          0	     0	      0		 0	0	0	0	0	0      0
0	          0	     0	      0		 0	0	0	0	0	0      0
0	          0	     0	      0		 0	0	0	0	0	0      0
0	          0	     0	      0		 0	0	0	0	0	0      0
-19.1326      40.3764     -30.3339  10.0435 -1.4629 0.0741493	0	0	0	0      0
0.659741     -1.84727    2.0953    -1.10461  0.25912 -0.0218459 0	0	0	0      0
0.809015  -1.7073    1.48687    -0.692274  0.145722 -0.00939131	0	0	0	0      0
-0.0278969 0.0781112 -0.0956406 0.0607914 -0.0211633 0.00276687 0	0	0	0      0
0	          0	     0	      0	         0      0	0	0	0	0      0
0	          0	     0	      0	         0	0	0	0	0	0      0
0	          0	     0	      0	         0	0	0	0	0	0      0
0	          0	     0	      0	         0	0	0	0	0	0      0
0	  0	     0	      0	0	0	0	0	0	0	0
0	  0	     0	      0	0	0	0	0	0	0	0
0	  0	     0	      0	0	0	0	0	0	0	0
0	  0	     0	      0	0	0	0	0	0	0	0
0	  0	     0	      0	0	0	0	0	0	0	0
0	  0	     0	      0	0	0	0	0	0	0	0
0	  0	     0	      0	0	0	0	0	0	0	0
0	  0	     0	      0	0	0	0	0	0	0	0
0	  0	     0	      0	0	0	0	0	0	0	0
0	  0	     0	      0	0	0	0	0	0	0	0
0	  0	     0	      0	0	0	0	0	0	0	0
0	  0	     0	      0	0	0	0	0	0	0	0
0	  0	     0	      0	0	0	0	0	0	0	0
0	  0	     0	      0	0	0	0	0	0	0	0
0	  0	     0	      0	0	0	0	0	0	0	0
0	  0	     0	      0	0	0	0	0	0	0	0
0	  0	     0	      0	0	0	0	0	0	0	0
0	  0	     0	      0	0	0	0	0	0	0	0
0	  0	     0	      0	0	0	0	0	0	0	0
0	  0	     0	      0	0	0	0	0	0	0	0
0	  0	     0	      0	0	0	0	0	0	0	0
0	  0	     0	      0	0	0	0	0	0	0	0
0	  0	     0	      0	0	0	0	0	0	0	0
0	  0	     0	      0	0	0	0	0	0	0	0
0	  0	     0	      0	0	0	0	0	0	0	0
0	  0	     0	      0	0	0	0	0	0	0	0
0	  0	     0	      0	0	0	0	0	0	0	0
0	  0	     0	      0	0	0	0	0	0	0	0
0	  0	     0	      0	0	0	0	0	0	0	0
0	  0	     0	      0	0	0	0	0	0	0	0
0	  0	     0	      0	0	0	0	0	0	0	0
0	  0	     0	      0	0	0	0	0	0	0	0